20
137 49
48 17 461 137
232959116 56689
4 9 1 999903057
1000000000 100000
99999 1 99999 100000
1000000000 1
12 7 74 12
198 81
8 5 7 83495
186 75
68 16 539 186
254 99
1 8 9 74990
110 53
7 7 1 64417
840698758 13331
8 7 10 999955808
78 51
3 5 5 51230
218492221 46085
3 7 1 999969453
112 73
1 5 3 64100
177 73
7 7 5 56401
1000000000 100000
100000 1 0 1000000000
249718282 93729
1 5 6 999917908
1000000000 100000
999999999 1 999999999 1000000000
164 96
76 2 193 164
59 26
14 19 681 59
1000000000 100000
1 1 0 2
497151700 96511
9 7 6 999919625
